0.000000000000000000e+00 4.863461165492184809e+05
5.000000000000000278e-02 4.426288645721954294e+06
1.000000000000000056e-01 1.069651647811681218e+07
1.500000000000000222e-01 1.974289772873566672e+07
2.000000000000000111e-01 2.631334775145887956e+07
2.500000000000000000e-01 1.067741862248828076e+07
3.000000000000000444e-01 1.077858826407721825e+07
3.500000000000000333e-01 1.895173475968110561e+07
4.000000000000000222e-01 3.450128777781485021e+07
4.500000000000000111e-01 5.887983199556791782e+07
5.000000000000000000e-01 9.892866831084680557e+07
