0.000000000000000000e+00 3.488688469667840400e+05
5.000000000000000278e-02 1.998556387410653830e+08
1.000000000000000056e-01 4.534593674794105291e+08
1.500000000000000222e-01 7.885147843203257322e+08
2.000000000000000111e-01 1.212018513446645021e+09
2.500000000000000000e-01 1.626075476661837101e+09
3.000000000000000444e-01 1.817688218556919336e+09
3.500000000000000333e-01 1.670772009024405718e+09
4.000000000000000222e-01 1.411391152005100489e+09
4.500000000000000111e-01 1.251662484457324266e+09
5.000000000000000000e-01 1.281197255476498604e+09
