0.000000000000000000e+00 4.121865448436936131e+05
5.000000000000000278e-02 1.229100163174094200e+09
1.000000000000000056e-01 2.361124550936011791e+09
1.500000000000000222e-01 3.441602887773781300e+09
2.000000000000000111e-01 4.337261795703889847e+09
2.500000000000000000e-01 5.335449242901931763e+09
3.000000000000000444e-01 6.389871249171962738e+09
3.500000000000000333e-01 7.504615585010942459e+09
4.000000000000000222e-01 8.622623014386455536e+09
4.500000000000000111e-01 9.392774611584665298e+09
5.000000000000000000e-01 1.052287662133213234e+10
