0.000000000000000000e+00 4.946398488853175077e+05
5.000000000000000278e-02 1.794587045630248031e+06
1.000000000000000056e-01 7.578258301006622612e+06
1.500000000000000222e-01 1.164129088812894747e+07
2.000000000000000111e-01 1.757830145360151678e+07
2.500000000000000000e-01 8.809321163037508726e+06
3.000000000000000444e-01 1.057704282017733902e+07
3.500000000000000333e-01 1.883585950227505714e+07
4.000000000000000222e-01 3.348861098435026035e+07
4.500000000000000111e-01 5.866576986327394098e+07
5.000000000000000000e-01 9.857884607585471869e+07
