0.000000000000000000e+00 5.281275796700743958e+05
5.000000000000000278e-02 2.665163223283191621e+08
1.000000000000000056e-01 6.202864302930604219e+08
1.500000000000000222e-01 1.107358032017379999e+09
2.000000000000000111e-01 1.702700079486977577e+09
2.500000000000000000e-01 2.152535210037138462e+09
3.000000000000000444e-01 1.101020269149200678e+09
3.500000000000000333e-01 7.676428828867088556e+08
4.000000000000000222e-01 8.073573798712065220e+08
4.500000000000000111e-01 9.621721537699027061e+08
5.000000000000000000e-01 1.198181431229390144e+09
